3080964
3709623
4016404
6878531
8515020
10177198
11552876
13954186
14231136
14960961
16306431
21276302
28635576
29860826
34685006
34784075
34810787
35301695
36776682
37136430
41514863
41986698
43950146
52390746
52675637
53927386
53992425
57966468
60198893
61355162
61755548
63130913
68599981
69704728
70682054
71291344
77361613
78398330
83250052
83489715
83956240
84118214
88803213
93905610
95340129
99777404
102584351
103410768
107536729
108313635
108566282
111612370
116367158
119804387
125361041
131221691
131288999
131859058
134998623
139324377
141315111
145114493
149523427
150530298
153771687
154982099
158538193
167564621
172405653
173964007
174499721
179530766
180927157
181023574
181335163
186373428
192213981
204811880
207811874
214535110
216206901
220551397
220822346
220901665
221583093
229731110
231666203
234261980
234859144
236492688
237942404
238934754
246257663
248611463
251110401
252134616
253100184
254239137
255627101
259498544
260866680
262479879
266152766
271042299
278065804
279577829
282987643
283581563
289005942
289283757
290595201
291883187
291896723
291991385
293631703
296890484
298335935
299577247
299698907
299971448
300944568
302514238
307609286
310276937
310561919
314437345
315793560
315916830
316311589
316466590
316913036
317862879
319692708
321306465
330877656
334948388
342894354
344331245
345406483
351978309
359067303
361752026
361821362
364107484
365448642
365547657
366975226
368151940
368665674
369259653
371903625
372454802
374284682
375303579
377651266
380130003
380643942
384007678
386230504
388660118
392104194
393051336
396303550
399384413
400802614
401294083
401997299
403392029
404793772
408151423
411718679
412985359
418504286
423185723
430181426
431056281
431894380
434240944
436269463
438606920
441001047
442623324
446308635
448532510
448996149
450272095
452347714
457299916
460023886
460363591
460679030
461092217
464435275
470348467
470698745
472378785
475514175
476481554
479883891
488320890
489807703
495192795
497788317
498333727
498864663
504169336
504500342
506334163
507952003
512930848
513609669
516980762
517678749
518589281
521874932
523331049
527526930
532278545
536934129
539949956
540214245
540391226
547187780
550388407
551485822
552636621
554393056
555926110
558184346
561214745
561811248
567906352
568857063
569854779
575182396
580407987
582857871
586468664
588197526
590485068
597440709
600857779
603236458
610688072
612324230
613897486
614210025
620064074
620932259
622358651
629774548
632493302
637823969
639770519
642303437
642557674
643685313
646183841
646383808
647839247
654952134
660819779
662005576
664049174
664813283
666407465
666712949
671470205
672709325
679572175
681544725
687080779
687979435
688388677
688529931
690781878
691480483
694684968
696494455
696955531
697767297
702781281
703033359
704954022
706487358
709479115
710914216
711235227
711714575
715054410
716615011
716721170
719631585
721603673
727915203
730859766
732553801
732595707
736404567
742942637
744257351
746498650
748097243
749110023
749631168
753136242
756487549
760736985
760999827
762144072
763017668
765263501
766353154
774729884
780390129
783291634
786058630
789391085
791033531
792148845
797776510
798286945
803015718
804312874
806799467
808640721
813144496
813876097
813891601
818036181
822300100
826388419
827032640
827854308
831176839
831518388
831589737
835226653
835682381
837291084
837841350
839198450
841866011
845337750
845880335
849069169
854572059
856308056
858570060
859519637
866303037
876186592
876838497
877284168
877882688
887638713
889889422
890550889
893260722
894994281
895671316
895691773
897393127
899733414
900232527
902493455
902592549
902958700
906391930
907412521
908491166
911854518
913835107
915581462
915783459
916271525
917149358
918509049
922373482
927796291
929587991
931276594
931594276
935534565
945753056
945891320
949979691
953816157
955180283
956057991
957680877
958986960
960299717
965668349
965875796
972900825
973218096
974016751
976503245
984314958
987906308
988439592
995489005
1002265531
1003119000
1010780551
1017969995
1020079807
1021057288
1021324379
1024090943
1024178541
1024395302
1033108392
1034670093
1035125550
1036940719
1038861225
1038918805
1041039757
1044418958
1050715582
1060895606
1068779631
1071758060
1076666875
1078649647
1081567691
1086349446
1087041037
1088374863
1091801097
1098101458
1103311424
1109794175
1112194997
1113517004
1115787175
1118647564
1123024802
1123143946
1125426007
1129370923
1132095240
1132608172
1137080750
1140178527
1149538886
1150684183
1152104592
1154204121
1154891375
1156085278
1156770452
1158694400
1160504915
1160844275
1163932792
1164666586
1166947650
1167722806
1167806383
1168888408
1171128651
1172176996
1173950545
1186688215
1188419413
1193176286
1197930862
1199515620
1200166359
1200374353
1202407812
1203335805
1206091433
1206830866
1207675698
1211563612
1212293788
1215970432
1218509569
1220878033
1222612659
1226129855
1226869521
1229931527
1230862639
1232946395
1241126022
1242731237
1244302818
1247454384
1251055300
1252983805
1253279566
1256513463
1257190201
1259255094
1259507499
1260634869
1262837785
1266517144
1268001161
1271893690
1272225181
1276666001
1279748343
1280447907
1282069651
1286389400
1289625797
1293550356
1295418945
1298725141
1299883290
1301967797
1308354925
1312791273
1313454131
1320489364
1323533726
1326609774
1330614008
1332807299
1334443551
1336792613
1338501190
1339469911
1341959438
1343784748
1345753458
1351039687
1355064331
1357699391
1358549858
1361725379
1363624682
1367145178
1367258046
1372717185
1373653025
1374691065
1378653709
1381579208
1381709517
1385710537
1385982793
1386616048
1395805628
1396823572
1398512202
1400281772
1401322388
1404696741
1409028452
1410673976
1410712179
1411728355
1413109467
1413873343
1416083642
1416268874
1420337967
1421714241
1422755479
1423321678
1428973672
1432924711
1439491392
1441124783
1442589844
1447874821
1452554852
1456874639
1458006684
1461128605
1461643115
1462785462
1463402086
1463592855
1464822191
1465546553
1465861024
1466026129
1468531815
1469802236
1471288908
1479683906
1482598216
1486974330
1487087832
1494455867
1497753160
1504285174
1505389854
1508305332
1509380880
1513856619
1513969632
1515039954
1522424670
1523222306
1532485110
1532848527
1533808704
1534764800
1541232332
1541439454
1541591577
1544409597
1547192435
1549631390
1552542166
1555573460
1557161650
1557726365
1559223402
1560580055
1560899632
1560970137
1561945302
1565108540
1566734111
1568382221
1569527646
1571901231
1575651472
1576031434
1576157149
1578315255
1583969118
1586862192
1587961096
1592458831
1593949654
1597974833
1599674252
1603530438
1606326539
1611329608
1611784775
1615638178
1616000062
1616574426
1618593995
1618668705
1620874216
1622632970
1627513856
1629303496
1630751396
1631503459
1634623434
1635438780
1640143881
1642055762
1648209288
1650276685
1650726741
1651278073
1655363376
1656264838
1656588410
1658950593
1660845390
1663267589
1664005246
1665263094
1670862965
1680058030
1683203672
1686744388
1689332033
1689974063
1692435370
1695382876
1698162283
1700798067
1702600931
1703132302
1707275006
1717568450
1718273256
1723978311
1724994519
1725866579
1726091525
1728891479
1732195148
1734519006
1735413768
1741187167
1743122615
1743535078
1745119001
1746151633
1748972491
1749261702
1751720199
1753735703
1755393471
1755898803
1758783712
1760385233
1760409986
1764014271
1764162741
1769371908
1769472154
1769867802
1769994441
1770184108
1772948766
1777835721
1786127189
1789234432
1791490599
1791930273
1804277251
1814786521
1814828011
1815676925
1816691577
1818967898
1827217864
1828047859
1831366875
1833203815
1836271128
1840653941
1846981643
1848040865
1851797061
1856697487
1857385137
1860453102
1868184414
1868568870
1869849835
1871938247
1874830236
1874965560
1875375766
1876376895
1881438113
1881821655
1882254297
1883847696
1883877430
1886735932
1891248201
1893666623
1894642428
1897583483
1898007964
1905408786
1906103929
1911297911
1913189730
1914013089
1916298224
1925693130
1926549896
1929642448
1929657838
1936791236
1936931348
1939791767
1940378161
1941637006
1942571964
1944534964
1945561405
1947766863
1948073043
1948968425
1949853932
1950036348
1950826957
1953682700
1955547925
1957299022
1957724872
1962381115
1968513045
1971293690
1973707684
1974395790
1978650541
1982644322
1983935430
1992026418
1995254152
1997046306
1999209636
1999926843
1999968658
2008298257
2009353218
2009461838
2010963117
2013720790
2013818240
2016404669
2024131080
2027311405
2033085717
2036935624
2037662107
2038606264
2041811587
2041917595
2042655481
2046632493
2048692604
2051550721
2065225561
2068337650
2072920214
2073842803
2075072162
2075250302
2083820234
2085799673
2086007766
2086633536
2091188632
2094240174
2094668185
2097265885
2098982521
2104901267
2105582632
2105624343
2109695629
2112385454
2113714321
2115149513
2116771077
2116883681
2118909629
2123840830
2125100539
2125308178
2126293862
2141598510
2142392263
2142477052
2143684266
2143850283
2147142098
