6061691
7182124
22184444
26187276
67600132
68845720
72303179
72954359
85703796
86359291
88558999
90701489
108327506
108637613
111259946
113457714
134800561
143849788
154747267
192403005
193779169
205755724
206298673
219897560
225231980
225291265
245007752
257067405
257212498
271795571
278710084
279253032
299340375
303618819
307815806
325290019
370813801
393360693
401023393
407448719
409646576
413189856
414094375
434140937
435003424
437161887
447719659
476663792
481389593
503367442
514228191
517693024
528344566
540233278
543880300
552739108
553508556
557963116
564084826
571410895
572045142
577626955
607322066
640256616
675168763
676713992
686997109
688309118
696785978
704932157
716264845
726555704
732617395
732636283
737469271
746305086
753562749
792930052
808513076
845974327
848596660
871117765
871903962
885498660
886236249
886575099
907588885
912714779
934898627
943769962
950407592
963724719
976115543
981452727
986826076
988071800
1011957187
1019883664
1025896080
1031324851
1036781443
1037578767
1052097469
1061819339
1071066844
1076873490
1078748415
1122450055
1136666446
1142913337
1143448747
1149355533
1165013081
1165139181
1173520415
1178750601
1193949795
1196681016
1204217425
1210601258
1220584949
1224622335
1230517517
1235714824
1245115644
1250329308
1250452828
1250702026
1285758548
1294388658
1304092357
1314080024
1319760348
1320121851
1329305630
1330134474
1340530804
1351490075
1355583574
1363787022
1364501967
1373371295
1373499970
1378882650
1389942541
1397018494
1398713436
1399406939
1400248528
1405576834
1410146934
1427886753
1444538215
1460037017
1471971657
1484125674
1496278324
1506070268
1507351049
1508576035
1528305078
1529082801
1535979123
1536544430
1545269244
1563878456
1570304147
1597928521
1604506649
1614008874
1615233806
1616916054
1642505630
1643163543
1650184050
1653251567
1660348602
1678070609
1681315776
1697262922
1700518937
1714366938
1727248609
1727269880
1727466588
1739993965
1750047835
1758513475
1762422340
1767841510
1811562444
1827881527
1828318794
1848380904
1869407470
1873268905
1878483547
1897598367
1903727043
1907761429
1913546690
1952987637
1955131961
1957568271
1964247076
1971547854
1973362094
1986199849
2018234171
2043529024
2052345634
2059527759
2067603745
2069096809
2087074038
2098083681
2111652231
2115671784
2124382290
2132353773
