now size 10
1 :
5
4
4
6
28
33
2 :
5
3
3
5
29
30
3 :
6
4
3
4
18
17
4 :
3
2
2
2
13
11
5 :
2
2
2
2
13
12
6 :
2
1
1
2
10
10
7 :
1
1
1
2
9
9
8 :
1
1
1
2
12
11
9 :
2
1
1
1
10
9
10 :
2
1
1
2
11
9
11 :
1
1
1
2
9
11
12 :
1
1
1
2
10
9
13 :
2
1
1
1
10
9
14 :
1
1
1
2
11
10
15 :
1
1
2
1
10
9
16 :
2
1
1
2
10
10
17 :
2
1
1
2
10
9
18 :
2
1
1
2
9
11
19 :
2
2
1
1
9
10
20 :
1
1
2
2
10
11
now size 100
1 :
29
8
16
10
68
64
2 :
51
8
16
10
66
79
3 :
30
9
16
11
66
64
4 :
28
9
16
10
66
77
5 :
29
8
16
10
64
61
6 :
27
9
17
10
64
62
7 :
28
8
15
10
67
61
8 :
31
9
15
10
64
73
9 :
28
8
15
10
65
62
10 :
29
8
16
12
64
62
11 :
28
9
15
9
65
62
12 :
29
8
15
27
67
62
13 :
29
9
15
10
64
61
14 :
29
9
16
10
66
62
15 :
30
8
16
10
66
64
16 :
29
8
16
10
67
64
17 :
29
8
16
10
66
64
18 :
28
8
16
11
64
64
19 :
28
8
15
10
65
61
20 :
28
8
16
10
83
63
now size 1000
1 :
2300
623
1168
115
641
629
2 :
2293
626
1167
115
640
680
3 :
2224
608
1139
110
623
686
4 :
2496
766
1219
110
699
613
5 :
2216
627
1223
113
789
611
6 :
2344
613
1211
111
624
610
7 :
2269
609
1138
105
796
581
8 :
2221
577
1112
112
627
688
9 :
2401
576
1078
106
772
613
10 :
2332
611
1138
113
628
830
11 :
2400
631
1142
133
593
617
12 :
2304
574
1579
129
591
579
13 :
2295
611
1142
179
624
680
14 :
2288
676
1441
111
627
678
15 :
2297
641
1146
111
629
681
16 :
2228
683
1142
111
594
616
17 :
2244
778
1146
188
626
612
18 :
2228
668
1214
105
626
677
19 :
2632
607
1148
111
723
614
20 :
2226
622
1222
111
623
612
now size 10000
1 :
281590
59860
111071
1330
6680
6039
2 :
281437
59157
110605
1309
6869
6268
3 :
299455
62421
114477
1391
6680
6497
4 :
306294
61332
120864
1312
6284
6642
5 :
292253
59673
119587
1304
6578
6621
6 :
295889
63846
117886
1305
6812
6005
7 :
291882
62633
115125
1308
6745
6038
8 :
294147
64705
119186
1474
6925
7005
9 :
312125
62803
121878
1383
7444
6932
10 :
310399
64193
121778
1446
6737
6969
11 :
293871
62874
116180
1377
7008
6627
12 :
306569
64056
120753
1444
7581
7180
13 :
320947
64445
115221
1335
7999
6816
14 :
327177
65842
123653
1493
7638
7048
15 :
311292
65872
121298
1427
7875
6818
16 :
300933
65400
118170
1409
7237
6432
17 :
302160
58432
112029
1448
6825
6113
18 :
289306
63180
115845
1516
7788
6377
19 :
294971
63641
119166
1418
8103
6631
20 :
337986
65397
125807
1451
7302
8597
now size 20000
1 :
1337880
259553
444117
2833
13280
13063
2 :
1323611
259121
460721
3121
13582
12902
3 :
1277530
270766
455877
3234
13594
14425
4 :
1260085
242075
445048
3223
13671
12701
5 :
1246638
249019
425530
3052
13705
12760
6 :
1296049
254225
440883
3100
13955
13412
7 :
1301731
235743
424835
2844
14151
12719
8 :
1237595
237646
445000
2789
13436
12513
9 :
1220034
231762
436681
3089
14010
13271
10 :
1264043
247816
439029
3123
14004
12965
11 :
1269817
248097
433498
3033
14038
13290
12 :
1260571
247154
430139
3001
14138
13512
13 :
1260789
248064
431978
2973
14439
14037
14 :
1266649
249683
431741
3032
13742
13544
15 :
1265584
249494
429638
3036
13850
13428
16 :
1275708
235023
420977
2817
13230
12813
17 :
1267224
247374
430536
2844
13723
13039
18 :
1259088
248467
431666
3036
14350
13383
19 :
1264724
246963
417317
2851
13492
12955
20 :
1270216
234131
446090
2843
12927
12512
now size 40000
1 :
5351744
1036547
1814923
7185
30170
27992
2 :
5155300
1020441
1810533
6058
28156
26991
3 :
5529878
1038774
1777034
6876
28662
27804
4 :
5495935
1034388
1773662
6805
28931
27538
5 :
5500780
1035440
1774099
6761
28739
27462
6 :
5274623
1024790
1774557
6821
28749
27666
7 :
5555234
1041904
1775397
6782
28832
27458
8 :
5489713
1035665
1772767
6831
29090
27645
9 :
5499163
1030006
1781864
6597
28712
27516
10 :
5681419
1026708
1768891
6763
28553
27385
11 :
5480844
1025983
1763529
6832
28794
27534
12 :
5481425
1024209
1770379
6838
28693
27375
13 :
5470828
976347
1712526
5953
26014
26087
14 :
5460276
973241
1688602
6407
27841
27470
15 :
5203139
984638
1682095
6501
28017
25784
16 :
4931653
979795
1688803
6427
28169
26900
17 :
5236206
990039
1736161
6042
26492
26311
18 :
5446865
1014460
1683379
6466
28328
26305
19 :
5395367
1014652
1743611
6235
27664
28627
20 :
5208752
985471
1732372
5941
27792
25681
now size 80000
1 :
22392763
4161646
7187627
15504
63851
51339
2 :
22659220
4132798
6771296
13796
52932
53002
3 :
20729704
4066801
7100880
13429
53448
51215
4 :
20463664
3960775
6739382
13824
55838
53690
5 :
21408541
3927590
6629837
13963
55822
53177
6 :
21179828
3912884
6617300
13029
53394
52510
7 :
22006008
3894465
7018224
13913
57001
54502
8 :
20572568
3927255
6889091
13342
55798
51499
9 :
21831668
4032025
7018856
13767
53130
52358
10 :
21712097
3855082
6539266
12794
53374
52855
11 :
21533806
3906652
6569732
12945
53665
51976
12 :
20852309
3865036
6807991
13489
52480
51045
13 :
21171179
3854488
6575864
13750
53967
53036
14 :
20958523
3890529
6579409
13640
54972
53030
15 :
21489070
3916849
6617501
13765
55087
53190
16 :
21228938
3877855
6605339
13359
55320
52734
17 :
20922410
3842396
6526384
13259
54166
52596
18 :
20952960
3949668
6596967
14613
54465
51185
19 :
21129970
3956593
6738671
14385
53635
52083
20 :
21543151
3937956
6509118
12887
53836
53309



